5.481579105535603e-7 3029.5014963802455
5.93571812878727e-7 32952.801073329174
6.514415473412293e-7 135079.32119674285
7.468794042885943e-7 751258.0716593713
7.880005508248029e-7 1320954.3121097405
8.435384772029401e-7 2450095.3986667893
8.812487863650449e-7 3479800.54373302
9.205127354176822e-7 4308468.122003758
9.660240447610766e-7 4615122.31480773
9.944007229939892e-7 4794848.697030547
0.0000011712529679505392 4181888.109391669
0.0000013014994952085617 2434456.399805606
0.0000014811188477660396 1110453.7518458704
0.0000015676348417045272 405960.51861626294
0.0000016992720157913632 118978.86132744997
0.0000017805851297121301 29935.685919651758
0.0000019028589452187825 11027.970315201397
