0.093150684931507 0.009784735812133
0.172602739726027 0.074363992172211
0.221917808219178 0.150684931506849
0.279452054794521 0.285714285714286
0.331506849315068 0.469667318982387
0.372602739726027 0.598825831702544
0.410958904109589 0.682974559686888
0.449315068493151 0.749510763209393
0.506849315068493 0.812133072407045
0.591780821917808 0.866927592954990
0.679452054794521 0.902152641878669
0.761643835616438 0.931506849315068
0.854794520547945 0.949119373776908
0.945205479452055 0.960861056751468
1.008219178082192 0.970645792563601
1.076712328767123 0.976516634050881
1.147945205479452 0.980430528375734
1.197260273972603 0.984344422700587
