0.142465753424658 0.064579256360078
0.194520547945205 0.133072407045010
0.246575342465753 0.228962818003914
0.317808219178082 0.375733855185910
0.369863013698630 0.479452054794521
0.424657534246575 0.577299412915851
0.454794520547945 0.626223091976517
0.517808219178082 0.706457925636008
0.567123287671233 0.763209393346380
0.630136986301370 0.814090019569472
0.695890410958904 0.855185909980431
0.772602739726027 0.890410958904110
0.854794520547945 0.915851272015656
0.953424657534247 0.937377690802348
1.057534246575342 0.954990215264188
1.142465753424657 0.964774951076321
1.208219178082192 0.970645792563601
