01 1.154781984689e-13 0.000000000000e+00
02 1.539926526059e-13 0.000000000000e+00
03 2.053525026457e-13 0.000000000000e+00
04 2.738419634264e-13 0.000000000000e+00
05 3.651741272548e-13 0.000000000000e+00
06 4.869675251659e-13 0.000000000000e+00
07 6.493816315762e-13 0.000000000000e+00
08 8.659643233601e-13 5.538848428414e-02
09 1.154781984689e-12 9.988926565017e-01
10 1.539926526059e-12 0.000000000000e+00
11 2.053525026457e-12 0.000000000000e+00
12 2.738419634264e-12 0.000000000000e+00
13 3.651741272548e-12 0.000000000000e+00
14 4.869675251659e-12 0.000000000000e+00
15 6.493816315762e-12 0.000000000000e+00
16 8.659643233601e-12 0.000000000000e+00
17 1.154781984689e-11 0.000000000000e+00
18 1.539926526059e-11 0.000000000000e+00
19 2.053525026457e-11 0.000000000000e+00
20 2.738419634264e-11 0.000000000000e+00
21 3.651741272548e-11 0.000000000000e+00
22 4.869675251659e-11 0.000000000000e+00
23 6.493816315762e-11 0.000000000000e+00
24 8.659643233601e-11 0.000000000000e+00
