01 1.154781984689e-12 0.000000000000e+00
02 1.539926526059e-12 0.000000000000e+00
03 2.053525026457e-12 0.000000000000e+00
04 2.738419634264e-12 0.000000000000e+00
05 3.651741272548e-12 0.000000000000e+00
06 4.869675251659e-12 0.000000000000e+00
07 6.493816315762e-12 0.000000000000e+00
08 8.659643233601e-12 0.000000000000e+00
09 1.154781984689e-11 0.000000000000e+00
10 1.539926526059e-11 0.000000000000e+00
11 2.053525026457e-11 0.000000000000e+00
12 2.738419634264e-11 0.000000000000e+00
13 3.651741272548e-11 0.000000000000e+00
14 4.869675251659e-11 0.000000000000e+00
15 6.493816315762e-11 0.000000000000e+00
16 8.659643233601e-11 0.000000000000e+00
17 1.154781984689e-10 0.000000000000e+00
18 1.539926526059e-10 0.000000000000e+00
19 2.053525026457e-10 0.000000000000e+00
20 2.738419634264e-10 0.000000000000e+00
21 3.651741272548e-10 0.000000000000e+00
22 4.869675251659e-10 0.000000000000e+00
23 6.493816315762e-10 0.000000000000e+00
24 8.659643233601e-10 0.000000000000e+00
25 1.154781984689e-09 0.000000000000e+00
26 1.539926526059e-09 0.000000000000e+00
27 2.053525026457e-09 0.000000000000e+00
28 2.738419634264e-09 0.000000000000e+00
29 3.651741272548e-09 0.000000000000e+00
30 4.869675251659e-09 0.000000000000e+00
31 6.493816315762e-09 0.000000000000e+00
32 8.659643233601e-09 0.000000000000e+00
33 1.154781984689e-08 0.000000000000e+00
34 1.539926526059e-08 0.000000000000e+00
35 2.053525026457e-08 0.000000000000e+00
36 2.738419634264e-08 0.000000000000e+00
37 3.651741272548e-08 0.000000000000e+00
38 4.869675251659e-08 0.000000000000e+00
39 6.493816315762e-08 0.000000000000e+00
40 8.659643233601e-08 0.000000000000e+00
41 1.154781984689e-07 0.000000000000e+00
42 1.539926526059e-07 0.000000000000e+00
43 2.053525026457e-07 0.000000000000e+00
44 2.738419634264e-07 0.000000000000e+00
45 3.651741272548e-07 0.000000000000e+00
46 4.869675251659e-07 3.490450123489e-01
47 6.493816315762e-07 9.987782659019e-01
48 8.659643233601e-07 0.000000000000e+00
49 1.154781984689e-06 0.000000000000e+00
50 1.539926526059e-06 0.000000000000e+00
51 2.053525026457e-06 0.000000000000e+00
52 2.738419634264e-06 0.000000000000e+00
53 3.651741272548e-06 0.000000000000e+00
54 4.869675251659e-06 0.000000000000e+00
55 6.493816315762e-06 0.000000000000e+00
56 8.659643233601e-06 0.000000000000e+00
